65739
109998
26512614
27646786
36024806
420401511
432792819
484732162
530995517
1317116644
1410647903
1425401131
1454897840
1827600686
1831446001
1838763739
1888381008
1890211620
1958677933
1974443814
1975242573
1989506149
2041212293
2057534370
2063173321
2084277216
2088813189
2112191310
2123807718
2161527760
2165438456
2614851804
2619938246
2621286898
2627354970
2627967991
2628618275
2630926397
2634866341
2634866972
2637424231
2638288151
2639129663
2643195337
2644032186
2645481968
2645715537
2645969493
2646020676
2647831907
2648203211
2648204610
2648874974
2648994776
2649353667
2649454721
2650112596
2651220394
2651537464
2652410542
2652412441
2652647226
2652760495
2653637346
2654179983
2654475630
2655749272
2656230003
2656534424
2657035693
2657087249
2657091809
2657110443
2657435125
2657731944
2657905213
2658105449
